[MapViewWnd]
Show=0
XPosWindowed=3111
YPosWindowed=1646
[InventoryWindow]
AutoLoadEquipSet=1
AutoSaveEquipSet=1
XPosWindowed=3410
YPosWindowed=1762
[AlertsWindow]
Count=41
Entry15=6325,1,1
Entry16=6008,1,1
Entry17=5005,0,-1
Entry18=5908,1,1
Entry19=6014,1,1
Entry20=1034,0,-1
Entry21=5010,0,-1
Entry22=1035,0,-1
Entry23=6017,1,1
Entry24=1036,0,-1
Entry25=1301,0,-1
Entry26=1037,1,0
Entry27=5914,1,1
Entry28=5811,1,1
Entry29=5228,1,1
Entry30=5917,1,1
Entry31=10001,0,0
Entry32=5126,0,-1
Entry33=5021,0,-1
Entry34=5711,1,1
Entry35=5025,0,-1
Entry36=5026,1,0
Entry37=5027,1,0
Entry38=5029,0,-1
Entry39=5030,0,-1
Entry40=5031,0,-1
[CastingWindow]
JS.IniState=0.365625|0.7269426289034132|124|50
[BagInv2]
XPosWindowed=195
YPosWindowed=3412
[AAWindow]
XPosWindowed=2019
YPosWindowed=1574
[SpellBookWnd]
XPosWindowed=1878
YPosWindowed=283
